time,x,y,z,phi,theta,psi,x_velocity,y_velocity,z_velocity,phi_velocity,theta_velocity,psi_velocity,rotor_speed1,rotor_speed2,rotor_speed3,rotor_speed4
0.06,5.934239314821193e-08,-2.1988224997877835e-08,10.003789045586556,6.283156174207598,6.283096316487384,0.0,6.501327688729748e-06,-2.2564071040718395e-06,0.12629514664652458,-0.001474861813741092,-0.004628285741097329,0.0,445.59587602299337,445.21746197562635,444.98326657894506,444.8625499719678
0.12000000000000001,2.740994591395483e-06,-9.466827099208736e-07,10.011071434336163,6.283069304560483,6.282998991019662,0.0,9.845759424394603e-05,-3.6084664903840125e-05,0.11645231729939849,-0.0013938095279579074,0.003798871284107353,0.0,399.5262355414105,400.29373881791844,401.19965011059173,401.20703907623135
0.18,1.1854165333875477e-05,-6.030065184294922e-06,10.022071576811822,6.28267396241451,6.283086367994255,0.0,0.00018793952986577607,-0.0001559629217113521,0.2501985137462398,-0.019804375290969893,-0.00369759490203733,0.0,448.09051226819116,447.4807679876177,447.9715781991753,446.4723684182813
0.23999999999999996,2.6047828410652725e-05,-3.0282257853196097e-05,10.039686405565043,6.281349294373177,6.282588098376618,0.0,0.0003190843883697236,-0.0007776936550963785,0.3369401089747282,-0.027063221007614865,-0.01963509897400085,0.0,433.2927910254429,431.9511781709484,433.1883301588696,432.5775657935923
0.3,6.589038032934456e-05,-0.0001307767255115753,10.067562212300306,6.279939506515792,6.281342949625181,0.0,0.0011602434454041843,-0.0027604868587359655,0.5921553778408666,-0.017178012477271652,-0.02308629603996415,0.0,484.47837319380676,484.21890843924507,482.88594189521365,483.6309201532206
0.36000000000000004,0.00018779843495604143,-0.0003819840789111536,10.110303404282458,6.278678644161889,6.279813177509292,0.0,0.0030813797058646076,-0.0057515590511514674,0.8324060700902898,-0.03007167240359799,-0.030812833629110158,0.0,480.51837221104546,479.9323002799768,479.7396359787243,478.7597801484232
0.4200000000000001,0.0004499842578738257,-0.0008285915274433255,10.163547594430732,6.2765554634552,6.2784150166938435,0.0,0.005822574368776335,-0.009335041490068653,0.9423139962724603,-0.04899771313981022,-0.011418496172040831,0.0,440.21978067016585,441.8213592801515,441.27496678299156,439.7094271889929
0.48000000000000015,0.0008819855301766707,-0.001509937270542122,10.219344117438084,6.273153657351433,6.277963971132902,0.0,0.008624220494448623,-0.013634741656471971,0.9175882374994774,-0.08019754280134644,-0.0006767214312068137,0.0,396.85724323633326,397.8419679942046,396.6564585744542,393.77809449432465
0.5400000000000001,0.0015062142949780158,-0.002551245401830552,10.277173380429417,6.268274576361328,6.278002040545168,0.0,0.012182999728844197,-0.021563370052286094,1.00997060553839,-0.0836572466707307,0.003135987697320505,0.0,435.47602019366826,435.79477727767187,435.23396869249814,434.93883691671937
0.6000000000000002,0.0023624408411757228,-0.004231388341338717,10.34451485829222,6.263434447625432,6.278500295545539,0.0,0.016313493891335174,-0.03503100579272097,1.23452023112602,-0.07528021860819625,0.017031897869726583,0.0,475.9680567690205,477.03011846849506,474.87182676675127,475.5090880972801
0.6600000000000003,0.0034433397508260295,-0.006801703252851104,10.423678594751408,6.25854884760215,6.279717774721586,0.0,0.019589052628053105,-0.051165267987179075,1.4040670528474821,-0.09801830026815085,0.02612119320377839,0.0,460.1519991773042,460.87085588929943,460.3909734921444,458.5831727353264
0.7200000000000003,0.004692577605377489,-0.010469074089163997,10.513485775263717,6.252723425618669,6.281123744403656,0.0,0.021880270958999994,-0.07174502261940319,1.5892485876236428,-0.09529758253392089,0.01742680896100339,0.0,464.97830245661856,464.2967723033098,465.5488988559326,465.75411562931134
0.7800000000000004,0.006043142013756055,-0.01541218413344233,10.611433197427065,6.247150042312445,6.282266487600525,0.0,0.023028672851025576,-0.09358547541205543,1.6755235729251985,-0.08846625493895813,0.022101213688750745,0.0,433.7745249319682,434.16681840007413,436.02604360336755,436.5888457783755
0.8400000000000004,0.007439567118513054,-0.02185619363574561,10.716684250239549,6.241704953799626,6.2830758626474825,0.0,0.023387596308103175,-0.12179937489662175,1.8325821060438465,-0.09576199840466748,-0.015542686214327577,0.0,458.7690245529886,455.77046974923724,458.06498878940766,457.47780810723725
0.9000000000000005,0.00884893676238728,-0.030113995976483947,10.831298182984368,6.236207010921197,6.282304250661472,0.0,0.0236847350544502,-0.1540678863593886,1.9875961060499054,-0.08444576608723205,-0.00797285611381412,0.0,456.50645856422807,457.11016940653394,457.67288976171244,458.5657656061279
0.9600000000000005,0.010293478301603896,-0.04051682900711386,10.957057694923604,6.230743813258069,6.281798277001432,0.0,0.024524983471934363,-0.19329602096670367,2.2039617409419363,-0.1094778981947984,-0.009369240538740347,0.0,476.32549976927737,476.2188307365992,477.4290841182323,475.50877501993506
1.0200000000000005,0.011792993091588625,-0.05312952279413513,11.090527764184769,6.2239823979899,6.281430120708169,0.0,0.02550152966405537,-0.22774380513122058,2.244922053141471,-0.12003775750870314,-0.00034741501686052015,0.0,422.15934208220614,422.9371580725638,423.73921179633976,422.8184126654411
1.0800000000000005,0.01336243656459018,-0.068146768146591,11.229882993992774,6.21715025702361,6.281355148222948,0.0,0.026817894628146616,-0.2735826796380385,2.3998852028080235,-0.10375185859636034,-0.003117912372983891,0.0,459.52649937798213,459.3068654680994,458.41459584625693,459.6955739649406
1.1400000000000006,0.015010963986200214,-0.08598962086056462,11.377443677236643,6.211594058546309,6.281362734526017,0.0,0.028141230518870203,-0.32177311374394035,2.5185000145830103,-0.07650599291969835,0.005932968120989418,0.0,448.3884881570712,449.1231543762308,447.8117605068176,450.01497219304224
1.2000000000000006,0.016743897811237283,-0.1071451557953852,11.53636997895284,6.207255975909899,6.282011749508516,0.0,0.02955703890139202,-0.3839286036514129,2.7783956854996803,-0.06499965193233112,0.019132897617692296,0.0,491.4649614193008,492.44219711414866,490.4876066651869,491.33782248122833
1.2600000000000007,0.01853698922834429,-0.13175951103605824,11.705952530228702,6.203190190994771,6.2827172951580454,0.0,0.030110947002665426,-0.4369362738660583,2.874076746765585,-0.07395522937786028,-0.010119585525994509,0.0,444.6532580064289,442.25030207834703,444.2674012029486,443.5290086211879
1.3200000000000007,0.020357425776528944,-0.15989043163812477,11.88435728436133,6.198387873298138,6.28178105724486,0.0,0.030656380361603456,-0.5012543949377822,3.072176403554271,-0.09639055713746617,-0.029799566324484345,0.0,475.97429592099945,474.4658621307057,476.5238958714466,474.8008567319423
1.3800000000000008,0.02223258070647704,-0.19173397566585032,12.071543471914856,6.1922540694232335,6.279696149809389,0.0,0.03204252766816188,-0.5607756123656281,3.1670332440003097,-0.11767118078276707,-0.04715322404823343,0.0,446.07357005377565,444.65359358001416,446.02642106967266,444.2756568770156
1.4400000000000008,0.02425488032878174,-0.22770794906202818,12.26903570641069,6.185208755008851,6.277719959478848,0.0,0.03565195162390844,-0.6391655925976744,3.4152214749868333,-0.1169284263523021,-0.013786053015170656,0.0,491.04004136338517,493.5086013141496,491.31922737004805,491.3633679795863
1.5000000000000009,0.026518681520831203,-0.2682659310619452,12.478420126497962,6.178066989577562,6.2764002236767205,0.0,0.039912140798002926,-0.7134952642266318,3.5636980764131736,-0.12359779036411454,-0.048390719768172,0.0,466.29825665978973,463.5868309058052,463.7442002230732,463.20786580961476
1.560000000000001,0.029085844458444057,-0.3135896854302711,12.698057799550986,6.170324220482961,6.272971937188892,0.0,0.046009065298095085,-0.7981043869057197,3.7568053783981816,-0.1430978325120614,-0.08712267779930896,0.0,479.7296250131302,476.7769399498383,479.8174431630888,478.320473511281
1.620000000000001,0.032076720505065125,-0.3638347837503595,12.926277293796375,6.1615122177319925,6.267799826971332,0.0,0.054211308464342085,-0.8775729088896198,3.8500488521910503,-0.15572236170953224,-0.08442214468864864,0.0,449.805418431211,450.0180449523562,450.6132377544084,449.57139357738754
1.680000000000001,0.035628225542423266,-0.4187486949938646,13.157783542035176,6.151851906110268,6.2626066968103125,0.0,0.06463351996833834,-0.9537319968261195,3.8666080663818985,-0.1744887164260446,-0.09119094432656098,0.0,426.303673898302,425.718281247306,427.5724065783928,425.9442442202588
1.740000000000001,0.040000312750797525,-0.4790215090989328,13.394803156841935,6.141312734395822,6.257221515999142,0.0,0.08170092207363432,-1.056454489810754,4.033229925139962,-0.17808543258049545,-0.08702381476375284,0.0,472.80015247865344,473.11491284958817,474.9878463621105,474.684349394981
1.8000000000000012,0.04548648501527136,-0.5455278508081152,13.640608370313117,6.130898757724811,6.251513915819785,0.0,0.10173133942557103,-1.1614675926934566,4.159567218260824,-0.16579806113802725,-0.12084970241452417,0.0,464.76575283105103,462.0988159734172,462.983999093125,463.92207957270875
1.8600000000000012,0.05232827338552785,-0.6186568481633751,13.894601105060001,6.120478962799293,6.244025786614543,0.0,0.12711696593114402,-1.2771713500663453,4.306022141458978,-0.19800708102541179,-0.13417845366696227,0.0,471.24097733241626,470.19611163110307,472.56544355581553,470.0476745178622
1.9200000000000013,0.060758898149950086,-0.6985449372583898,14.154800491044506,6.108627454333249,6.236202448734083,0.0,0.15466297315310717,-1.3868552056961727,4.36673303985202,-0.196579824694521,-0.12372762361726827,0.0,445.2473925279647,446.086063122904,446.87536578509173,446.9537957536504
1.9800000000000013,0.07087450697924545,-0.7848089493041014,14.416152919145123,6.097244377913711,6.22902475831085,0.0,0.18314487925701936,-1.489586268968405,4.3447872344149845,-0.17868263859307232,-0.11248914748734037,0.0,419.5895145476866,420.5502958621711,419.9704464986472,421.4825539636355
2.0400000000000014,0.08316452305257682,-0.8785881115646872,14.682243595497823,6.086658697273453,6.2227922333296455,0.0,0.22722100767273057,-1.6374434224741445,4.523780377849898,-0.1722679663580042,-0.0906388190166453,0.0,482.94935883162196,484.58607509306904,484.53630749217444,484.99117466582294
2.1000000000000014,0.09802383808405339,-0.9807880281376881,14.955561116429857,6.075964701024883,6.2171893551732715,0.0,0.2686069771646189,-1.7701622756882467,4.586160601100955,-0.19412186437927761,-0.0995190389384808,0.0,450.488875677466,449.7628510564337,452.60853321637603,450.81537483482293
2.1600000000000015,0.11544189294681505,-1.0910497048290329,15.232016160887376,6.0641401379724655,6.211320249718945,0.0,0.31253704685838024,-1.9062625670280309,4.628387229900852,-0.20374551935315138,-0.0946197645749771,0.0,445.7180262513151,446.1101217386238,446.3302898230871,445.50610072423456
2.2200000000000015,0.13559420445222728,-1.2096633042054576,15.51075955955551,6.052274745749298,6.205937709860198,0.0,0.3597036429061771,-2.048573647865698,4.6624314469569335,-0.18789101473914985,-0.08135912208127184,0.0,443.66455035998905,444.74530590095407,444.47962518261716,445.73881629407055
2.2800000000000016,0.15909678658952278,-1.3382765654285251,15.796706859708982,6.040615249882681,6.201468735804951,0.0,0.42418692730153545,-2.2396277443270938,4.867647642873463,-0.2120166929660983,-0.06341927056222595,0.0,497.22731651827854,498.53618564134234,499.7852907617005,497.9905862578987
2.3400000000000016,0.18629516988614966,-1.4778234569355273,16.091615731535455,6.027665969267922,6.197548880774452,0.0,0.482770010843593,-2.4130820474146177,4.961596726228886,-0.22477057671981987,-0.06945593092432722,0.0,468.65469977786876,468.1822647315933,468.3390556118659,467.30216968621045
2.4000000000000017,0.21701984157741144,-1.6278364301577926,16.391273847784397,6.01391115884152,6.193721770208429,0.0,0.5417309642766395,-2.5885340643484667,5.026023894163259,-0.24015050731290835,-0.05435004845515844,0.0,460.5118374223709,461.70247391689526,461.82378256074264,460.5583442008599
2.4600000000000017,0.25100700296978395,-1.7876146772831458,16.69098610253741,5.999481327171182,6.189966145417653,0.0,0.5914489370747433,-2.7385586474736168,4.964017113112557,-0.24119828125218615,-0.08917752784538091,0.0,423.1740219842311,420.1611887409845,421.4337411054885,421.28188956571563
2.520000000000002,0.28830671437866673,-1.9574098536707358,16.9895577618599,5.984662204220642,6.184674859776395,0.0,0.6523316906299357,-2.922496050664728,4.987451041953172,-0.26220845537007215,-0.08628050338565231,0.0,450.33218519078605,450.56015171507613,452.77908919315325,451.02456431656185
2.580000000000002,0.3290782970396812,-2.137684566192142,17.286740892963913,5.968658032554073,6.1793454355167015,0.0,0.7071383809971833,-3.0878970255409475,4.918158941808615,-0.27779138331067094,-0.09446451891115151,0.0,422.89303919251614,422.180297632929,422.16501154880973,420.7414528738928
2.640000000000002,0.37338085141593413,-2.3285988634923305,17.58106436921092,5.952064169177966,6.1735350826181055,0.0,0.7700816559685,-3.277229439822088,4.891780490965726,-0.27422221525044604,-0.10206624329368293,0.0,438.37660548497877,437.7361618798753,437.9568015000418,438.1750273377314
2.700000000000002,0.4219628156573806,-2.5323386671093546,17.877092515505,5.935300003229466,6.168539888938621,0.0,0.8497787297280226,-3.515464650115767,4.974248596361898,-0.29252663497545295,-0.06023116611777749,0.0,474.2934033880985,477.4901557363318,476.02170404810425,474.54455114453
2.760000000000002,0.4748836685134273,-2.7491164474872987,18.173546573044604,5.917592371547055,6.165434796248164,0.0,0.9144956670638471,-3.711799575308998,4.906786045842539,-0.300898126699151,-0.03867134085134408,0.0,428.91932205800384,430.74485023224526,429.1861331755202,428.382593969093
2.820000000000002,0.5320662791819961,-2.978968643429659,18.46843658251958,5.899138955105034,6.162732090711213,0.0,0.9917358891793852,-3.9513580035057614,4.921491717367065,-0.3261388514361482,-0.06253187294983191,0.0,459.5987916347489,457.7021176470678,460.7784348744965,458.68388342831366
2.880000000000002,0.5939147099517004,-3.223466703433999,18.763869076671504,5.879717938343203,6.159437434420131,0.0,1.0701122257350508,-4.200052453254035,4.9247613031649955,-0.31918863754436927,-0.04288953450517588,0.0,459.04001231717433,460.59435695631373,457.2515881655942,457.70101294806943
2.940000000000002,0.6603509430329598,-3.4826918644887424,19.058060106006153,5.860423853997691,6.156529014469882,0.0,1.1445914621165332,-4.442184783215174,4.8803356926950086,-0.32679499083615293,-0.06301128821964141,0.0,446.2120712611131,444.5644514874233,446.6819597497231,445.95554754779704
3.000000000000002,0.7317021331537886,-3.7580394818424203,19.352210475682735,5.840673927522406,6.152616444655569,0.0,1.234018877564707,-4.737483294575895,4.922639476980693,-0.3343701884173886,-0.07001207727052774,0.0,477.27029622658273,476.73272849516775,479.4947803262296,478.8161958981592
3.0600000000000023,0.8078623383025144,-4.049413365273294,19.6443503764158,5.820582771841952,6.149784957381113,0.0,1.3048656094418134,-4.976345441158166,4.814251910697312,-0.33583239810176685,-0.021320260955110595,0.0,429.3331623664228,433.443595163981,430.2602991808369,430.0172589576875
3.1200000000000023,0.8886355469730816,-4.356514450074218,19.931985423504344,5.8006050240199905,6.148403180684165,0.0,1.3875697741043753,-5.261699424250299,4.771890041403392,-0.32777858977977287,-0.026688022184284635,0.0,457.19900643530667,456.77100398963427,456.99772470591233,457.52899813296534
3.1800000000000024,0.9740521286379696,-4.679904181135793,20.214654918525063,5.7806783047832315,6.146477404869469,0.0,1.4597179500444015,-5.519247548401153,4.649208514386622,-0.34257477923068735,-0.046026628579877826,0.0,433.9827974089541,432.3556136514938,432.07730908764614,430.71031601402734
3.2400000000000024,1.063945278102966,-5.019457531020245,20.49051889108298,5.760421801419618,6.143732899287958,0.0,1.5368470469592235,-5.800465185245303,4.544718800107746,-0.3291938101506704,-0.04517819908095996,0.0,442.79834397622585,442.86692310807587,441.17291130638705,442.1586005951401
3.3000000000000025,1.1584056719884956,-5.375829763229325,20.75927645665173,5.740927187088447,6.140849899832391,0.0,1.611963427978345,-6.079799508907568,4.412441130217573,-0.31750382175065806,-0.05451846770716518,0.0,436.2432287830802,435.4609048458041,435.23082999750187,436.09778946839236
3.3600000000000025,1.2583097124015268,-5.75247138908103,21.025197681489786,5.721403457277482,6.137731249485167,0.0,1.7182328006076657,-6.475853894443278,4.448674053871879,-0.34982154961026485,-0.04732816399714221,0.0,498.6239337828667,499.1476289450644,500.8582498617981,498.4040107483891
3.4200000000000026,1.3637828111582253,-6.150098633798349,21.288009401635442,5.700741812363578,6.134679909483973,0.0,1.7976435726575468,-6.779512508945721,4.3099524871880535,-0.3352400357731955,-0.059053524593694534,0.0,444.40646650883997,443.44234746624625,443.39168142261576,444.4659858469398
3.4800000000000026,1.4741131911157603,-6.566415350276268,21.542514017522716,5.680572687001376,6.130780726497335,0.0,1.8801852694190224,-7.098721866553245,4.171620727267816,-0.3380359164554992,-0.08077772714440634,0.0,448.9798999002716,447.21008463147604,449.4522401091148,449.1107921820956
3.5400000000000027,1.5890793188357084,-7.000785950618954,21.786451753209285,5.660015932670923,6.127219792925995,0.0,1.952214983732691,-7.381363963565554,3.958190416731124,-0.3538074488922198,-0.03441725094825774,0.0,422.02573316258787,426.0063151497055,424.8308894880072,423.3483488451767
3.6000000000000028,1.7090262450858267,-7.4546886571551365,22.02053688369443,5.63871946335313,6.125454337956654,0.0,2.045938907620114,-7.749581540339385,3.84210478357725,-0.3573032405961653,-0.02095095858674583,0.0,466.671291960541,467.7213116518908,466.2709189342106,465.87419152452435
3.660000000000003,1.8340507924959288,-7.928864452785043,22.244513586112145,5.6172347781051215,6.124092166483905,0.0,2.121503337293637,-8.057251523131255,3.6219998190157807,-0.35966954008314433,-0.026459069426085228,0.0,432.2629817951088,431.7983474509663,432.22491625630005,431.8891081262597
3.720000000000003,1.9637023689410698,-8.422083617138364,22.455408907821422,5.595278676578555,6.1226812772141095,0.0,2.200154008540586,-8.384256780621348,3.4057973711100384,-0.3829223524492445,-0.018195976318018822,0.0,438.45627215893563,439.14239732513016,439.97654163895527,437.9048443402983
3.780000000000003,2.0982299669342135,-8.935778677858432,22.653729224910542,5.572314292936607,6.121413148405315,0.0,2.2839590491577475,-8.739659470502462,3.202401710043724,-0.3823781495168083,-0.027779173899258665,0.0,449.67016289196386,448.8929054936236,451.240109851308,451.13481592514864
3.840000000000003,2.2379308640120286,-9.471628542283687,22.84012942544441,5.549018681820964,6.119914915551526,0.0,2.372580154627657,-9.122562352792905,3.008098799605228,-0.40380011724040193,-0.019874657393320942,0.0,461.5959048891853,462.2194018422076,461.2258872784822,459.3784893845559
3.900000000000003,2.38316753716758,-10.031601040046928,23.015429443979986,5.5249303885840035,6.119192164112999,0.0,2.4683518095357626,-9.543522375042896,2.8318475424945557,-0.39719352546759795,0.00023985208528005345,0.0,476.7926156723589,478.3275165126186,475.6755611052079,476.02572746271596
3.960000000000003,2.533909313841421,-10.616161319981455,23.178706422574145,5.500759800274869,6.1193469143393955,0.0,2.5560282980281936,-9.942119478602802,2.6075935808902733,-0.41754687234814797,0.006889634901559447,0.0,466.8083532217915,467.3271177143088,466.07850474148,464.32263934381507
4.020000000000002,2.6900154013771993,-11.225450349745385,23.328643917768105,5.475809249114839,6.120087516305945,0.0,2.6470529484836502,-10.367573601648798,2.386774051852827,-0.41264580446749083,0.02147739266077985,0.0,476.6835849883821,477.79733985998786,476.4967907734669,476.70440177042695
4.080000000000001,2.850869504872648,-11.857548700560141,23.462034367569604,5.450666196853499,6.121612171221269,0.0,2.7144168645844036,-10.702723160603805,2.0570456622104056,-0.4365737919085508,0.03230078491548035,0.0,437.95400440388977,438.8538343940648,438.98614597548067,436.80769174481503
4.14,3.015703125871396,-12.509860747436576,23.57515613337132,5.424071951031054,6.1235599919655925,0.0,2.779647128683814,-11.041212953511,1.7109669756199206,-0.46180418540235474,0.03278742947058869,0.0,438.8125130952397,438.85333476290197,439.87759206870277,437.57219662420965
4.199999999999998,3.184168995347921,-13.18155881946758,23.666139022702936,5.3965111381993225,6.125707626385893,0.0,2.8355369897332134,-11.34891347093552,1.3192856257144772,-0.45485348817043275,0.041213867400723796,0.0,426.1047969264217,426.82551332284476,423.4836939590183,423.8495153001875
4.259999999999997,3.356755548939314,-13.875873608955015,23.73643936891019,5.368808328546891,6.127788464824928,0.0,2.9166730889279617,-11.794187948351142,1.0199560576324829,-0.48110607890410867,0.016546976293524925,0.0,481.90986478255394,480.041297637401,481.0989866360773,478.89843411321
4.319999999999996,3.5337128129135875,-14.594865848249743,23.786511514373192,5.339522387438995,6.128448271633008,0.0,2.9814505685669372,-12.17157265696827,0.6455575081227524,-0.5080640133641633,-0.003428995826546397,0.0,457.1202059241623,455.524732135287,458.31268577292974,455.9187638368088
4.379999999999995,3.7149650444222253,-15.338933791063685,23.815240434293585,5.309041778863131,6.1284162310750006,0.0,3.059724400471565,-12.629210720936538,0.3074259401317449,-0.5079030853665878,0.00470506250231229,0.0,487.9825442117798,488.58964345193755,488.96478321586517,488.7314114413242
4.439999999999993,3.900194357754652,-16.10694195505812,23.82059760511174,5.2786082616863155,6.129138670782623,0.0,3.114162184359367,-12.97003596035829,-0.13227152765341105,-0.50590873181993,0.023703825767350542,0.0,448.76154770231875,450.3017853094962,449.87063419272573,449.7653508742875
4.499999999999992,4.088571297185827,-16.895025735272093,23.798786622463417,5.248442734890833,6.130506609923955,0.0,3.1645987161573985,-13.298232959818566,-0.5981055118041523,-0.49712727290823583,0.020925172997174453,0.0,447.6480509553077,447.4217903561673,447.8018823358916,448.25283710672693
4.559999999999991,4.280181748552208,-17.704241820881617,23.749345486278877,5.218545631853409,6.131475344837741,0.0,3.221842523094323,-13.673805386813434,-1.053834684839666,-0.5006963835189013,0.0042772736832303775,0.0,468.9584747710789,467.6627598810649,468.1945325039981,467.6695888113123
4.6199999999999894,4.474941368088041,-18.534608708664496,23.671229332409666,5.189424601636915,6.131489889986302,0.0,3.2696884645627793,-14.003290949753715,-1.5535426247304165,-0.4652376306752905,-0.009382962203217637,0.0,457.78987842777985,456.7010094195333,454.4791222849931,457.0705340478071
4.679999999999988,4.672438830980943,-19.384117426648015,23.562299221034177,5.162116156172878,6.130400292026611,0.0,3.3131715840059486,-14.31185103781832,-2.0807636822028672,-0.4402265377599863,-0.04839213017333078,0.0,454.4740036760096,451.33451898911534,453.21067557357617,455.00479336440355
4.739999999999987,4.872826382403171,-20.253816835959682,23.422051061770876,5.135600619427878,6.127208411027016,0.0,3.366033040001964,-14.675528431283084,-2.5980494205832425,-0.4455458926159381,-0.06514403633418187,0.0,477.3368751503379,476.0543091283537,477.0333183055641,476.4372770199302
4.799999999999986,5.076400503318111,-21.14531681984366,23.250217997582524,5.109311956081935,6.122801571210729,0.0,3.419391041004597,-15.038143469753415,-3.1336819155917013,-0.4264340224439685,-0.10039580645685998,0.0,484.46082007703353,481.79711484147793,481.02206181755764,482.2834383201554
4.859999999999984,5.283221576395421,-22.05861514395717,23.04572577727033,5.083585041614176,6.116524293367101,0.0,3.4743202405134523,-15.401764478141766,-3.6867571209047347,-0.4339268878954274,-0.1147910815947832,0.0,489.3916325933056,488.30975085732223,490.217027716462,489.48650458463146
4.919999999999983,5.49186864451001,-22.985306333961503,22.804273631341914,5.057609648535786,6.109625224019254,0.0,3.4805085530243556,-15.487066077949548,-4.363439588782873,-0.43099490890721365,-0.11537376810953007,0.0,401.03097795657004,400.96464041993084,400.71840863750555,400.7672903147056
4.979999999999982,5.702142573112715,-23.92372048538987,22.524259282718926,5.031636782105576,6.102364471176784,0.0,3.528244955585147,-15.789875907911197,-4.974069730782526,-0.43693234938818143,-0.13572963945037655,0.0,480.2223899492371,478.66248429048755,478.84724767216045,478.21419982309067
5.0399999999999805,5.914445239886987,-24.87566690630743,22.205594819462885,5.005131616756595,6.095322738889308,0.0,3.548234045544851,-15.939375946004414,-5.650657142271776,-0.4536908063679728,-0.09469007116865405,0.0,433.8807698330197,437.3013684768502,437.4841727736203,435.8769544654475
